證券名稱,簡稱,年月日,外資買賣超(千股),投信買賣超(千股),自營買賣超(千股)
2305   ,全友         ,20221205,      309,        0,        0
2809   ,京城銀       ,20221205,      687,        0,      -21
Y9999  ,加權指數     ,20221205,    46944,    11096,     1143
2305   ,全友         ,20221206,     -546,        0,       54
2809   ,京城銀       ,20221206,     -462,        0,      -10
Y9999  ,加權指數     ,20221206,  -261481,     2652,   -29008
2305   ,全友         ,20221207,      138,        0,      168
2809   ,京城銀       ,20221207,      482,        0,       -3
Y9999  ,加權指數     ,20221207,    51621,   -14882,    -8527
2305   ,全友         ,20221208,      -41,        0,       50
2809   ,京城銀       ,20221208,     1490,        2,       -4
Y9999  ,加權指數     ,20221208,  -153357,    21918,    -2058
2305   ,全友         ,20221209,     -344,        0,       71
2809   ,京城銀       ,20221209,     1554,        0,        0
Y9999  ,加權指數     ,20221209,   123518,     2756,     4516
2305   ,全友         ,20221212,       65,        0,       83
2809   ,京城銀       ,20221212,      130,        0,        0
Y9999  ,加權指數     ,20221212,   -75675,    10820,    -6317
2305   ,全友         ,20221213,     -328,        0,       60
2809   ,京城銀       ,20221213,      425,       -3,       -2
Y9999  ,加權指數     ,20221213,  -121370,    17697,    -7059
2305   ,全友         ,20221214,      152,        0,        3
2809   ,京城銀       ,20221214,     1053,       -5,       57
Y9999  ,加權指數     ,20221214,   161466,    14475,    31281
2305   ,全友         ,20221215,     -225,        0,       55
2809   ,京城銀       ,20221215,     -755,     1503,       68
Y9999  ,加權指數     ,20221215,    13360,    16072,    -1577
2305   ,全友         ,20221216,     -139,        0,      104
2809   ,京城銀       ,20221216,    -7890,     9456,      -74
Y9999  ,加權指數     ,20221216,  -135747,   -57321,   -48890
2305   ,全友         ,20221219,       44,        0,        0
2809   ,京城銀       ,20221219,   -15365,     9450,      -54
Y9999  ,加權指數     ,20221219,  -311461,   -33856,   -30936
2305   ,全友         ,20221220,      106,        0,        0
2809   ,京城銀       ,20221220,    -9008,     9625,       25
Y9999  ,加權指數     ,20221220,  -131595,   -14320,   -44026
2305   ,全友         ,20221221,       -4,        0,        0
2809   ,京城銀       ,20221221,    -9456,     9709,       33
Y9999  ,加權指數     ,20221221,   -21118,     6021,   -41664
2305   ,全友         ,20221222,     -100,        0,        0
2809   ,京城銀       ,20221222,    -4827,     9921,       -2
Y9999  ,加權指數     ,20221222,   256453,   -24719,     -204
2305   ,全友         ,20221223,     -186,        0,       -4
2809   ,京城銀       ,20221223,    -2042,      123,       35
Y9999  ,加權指數     ,20221223,  -153347,    67966,   -20143
2305   ,全友         ,20221226,     -139,        0,        0
2809   ,京城銀       ,20221226,       96,       88,       25
Y9999  ,加權指數     ,20221226,   -27774,    38158,   -10879
2305   ,全友         ,20221227,       -9,        0,        0
2809   ,京城銀       ,20221227,       69,      102,        0
Y9999  ,加權指數     ,20221227,    61476,    23696,     5762
2305   ,全友         ,20221228,     -110,        0,        0
2809   ,京城銀       ,20221228,      404,      123,       54
Y9999  ,加權指數     ,20221228,   -53051,    35347,   -36401
2305   ,全友         ,20221229,      116,        0,        0
2809   ,京城銀       ,20221229,     -358,        0,       85
Y9999  ,加權指數     ,20221229,  -206267,    25403,    -4266
2305   ,全友         ,20221230,      -59,        0,        0
2809   ,京城銀       ,20221230,     -208,        0,      -76
Y9999  ,加權指數     ,20221230,    58399,     8574,    45511
2305   ,全友         ,20230103,      338,        0,       -6
2809   ,京城銀       ,20230103,     -207,        1,       11
Y9999  ,加權指數     ,20230103,   -22758,    28171,    19056
2305   ,全友         ,20230104,      106,        0,        0
2809   ,京城銀       ,20230104,     -332,        0,       20
Y9999  ,加權指數     ,20230104,     6897,      617,    21140
2305   ,全友         ,20230105,     -125,        0,       -5
2809   ,京城銀       ,20230105,       16,        0,     -113
Y9999  ,加權指數     ,20230105,   101404,    -4678,    -9193
2305   ,全友         ,20230106,       -8,        0,        0
2809   ,京城銀       ,20230106,      229,        0,       -7
Y9999  ,加權指數     ,20230106,   155566,     3818,    25594
2305   ,全友         ,20230109,       28,        0,        0
2809   ,京城銀       ,20230109,       47,        1,      -14
Y9999  ,加權指數     ,20230109,   515573,    50797,    24969
2305   ,全友         ,20230110,       39,        0,        0
2809   ,京城銀       ,20230110,      532,        0,      -22
Y9999  ,加權指數     ,20230110,   214543,    19202,    -2572
2305   ,全友         ,20230111,      171,        0,        0
2809   ,京城銀       ,20230111,      278,        0,        8
Y9999  ,加權指數     ,20230111,    87829,    11946,    18662
2305   ,全友         ,20230112,      -15,        0,        0
2809   ,京城銀       ,20230112,       -7,        1,        3
Y9999  ,加權指數     ,20230112,    -1136,    32866,     1146
2305   ,全友         ,20230113,      -35,        0,        0
2809   ,京城銀       ,20230113,      137,       -1,       -1
Y9999  ,加權指數     ,20230113,   170244,    24160,     2878
2305   ,全友         ,20230116,      101,        0,       -1
2809   ,京城銀       ,20230116,      134,        0,       18
Y9999  ,加權指數     ,20230116,   110487,     5637,     4387
2305   ,全友         ,20230117,       81,        0,       -1
2809   ,京城銀       ,20230117,      378,       -1,        0
Y9999  ,加權指數     ,20230117,   159042,   -48329,     2363
2305   ,全友         ,20230130,      182,        0,        0
2809   ,京城銀       ,20230130,     1054,        5,        4
Y9999  ,加權指數     ,20230130,   705016,    40628,    80733
2305   ,全友         ,20230131,       89,        0,        0
2809   ,京城銀       ,20230131,     -224,        1,       20
Y9999  ,加權指數     ,20230131,   190894,     8444,    32601
2305   ,全友         ,20230201,       10,        0,        0
2809   ,京城銀       ,20230201,       22,        0,        5
Y9999  ,加權指數     ,20230201,    67390,    17168,    12882
2305   ,全友         ,20230202,      233,        0,       -4
2809   ,京城銀       ,20230202,      347,        1,      -32
Y9999  ,加權指數     ,20230202,   113339,    36516,     4588
2305   ,全友         ,20230203,     -242,        0,       -1
2809   ,京城銀       ,20230203,     1219,        0,      -12
Y9999  ,加權指數     ,20230203,    15974,    -1236,    -8348
2305   ,全友         ,20230206,       63,        0,        0
2809   ,京城銀       ,20230206,      214,        0,       12
Y9999  ,加權指數     ,20230206,   -42336,    11364,     2548
2305   ,全友         ,20230207,      -51,        0,        0
2809   ,京城銀       ,20230207,       98,        0,        7
Y9999  ,加權指數     ,20230207,    -9117,    12159,    17178
2305   ,全友         ,20230208,      -69,        0,      -10
2809   ,京城銀       ,20230208,      135,        0,       -4
Y9999  ,加權指數     ,20230208,   144807,    -4027,    24764
2305   ,全友         ,20230209,       23,        0,       -1
2809   ,京城銀       ,20230209,      -71,        0,        5
Y9999  ,加權指數     ,20230209,   -46275,     7451,    -7342
2305   ,全友         ,20230210,     -153,        0,      -11
2809   ,京城銀       ,20230210,     -266,        0,       18
Y9999  ,加權指數     ,20230210,  -145773,    21673,   -33168
2305   ,全友         ,20230213,       -6,        0,       -7
2809   ,京城銀       ,20230213,       56,        0,       41
Y9999  ,加權指數     ,20230213,   -38013,    32906,   -16170
2305   ,全友         ,20230214,       70,        0,        0
2809   ,京城銀       ,20230214,      248,        0,       -5
Y9999  ,加權指數     ,20230214,   142952,     3857,    13582
2305   ,全友         ,20230215,      -59,        0,        0
2809   ,京城銀       ,20230215,     -602,        0,       21
Y9999  ,加權指數     ,20230215,   -45955,   -13222,    19824
2305   ,全友         ,20230216,       29,        0,        0
2809   ,京城銀       ,20230216,     -210,        0,       97
Y9999  ,加權指數     ,20230216,   226029,    41892,    42850
2305   ,全友         ,20230217,      -63,        0,        0
2809   ,京城銀       ,20230217,      -19,        0,       23
Y9999  ,加權指數     ,20230217,    43805,    37880,    10271
2305   ,全友         ,20230220,        5,        0,        0
2809   ,京城銀       ,20230220,      171,        0,        6
Y9999  ,加權指數     ,20230220,    98285,    50830,    14481
2305   ,全友         ,20230221,       30,        0,        0
2809   ,京城銀       ,20230221,     -250,        0,       85
Y9999  ,加權指數     ,20230221,   -67234,    15275,    -1146
2305   ,全友         ,20230222,     -173,        0,        0
2809   ,京城銀       ,20230222,     -323,        0,        9
Y9999  ,加權指數     ,20230222,   -46744,    45931,   -34059
2305   ,全友         ,20230223,       -2,        0,        0
2809   ,京城銀       ,20230223,     -735,        0,      104
Y9999  ,加權指數     ,20230223,    43317,     7872,    23851
2305   ,全友         ,20230224,      -22,        0,       -6
2809   ,京城銀       ,20230224,     -452,        0,      234
Y9999  ,加權指數     ,20230224,   -77059,    14167,     6698
2305   ,全友         ,20230301,      276,        0,       -5
2809   ,京城銀       ,20230301,     -805,        0,       -8
Y9999  ,加權指數     ,20230301,  -293835,    24034,   -30025
2305   ,全友         ,20230302,      -93,        0,      -10
2809   ,京城銀       ,20230302,      -60,        1,      -11
Y9999  ,加權指數     ,20230302,   -69169,    34068,    -1910
2305   ,全友         ,20230303,      110,        0,       -5
2809   ,京城銀       ,20230303,      510,        0,      -14
Y9999  ,加權指數     ,20230303,    37392,    29790,    29344
2305   ,全友         ,20230306,     -250,        0,        0
2809   ,京城銀       ,20230306,     -163,        0,      122
Y9999  ,加權指數     ,20230306,   106336,    42634,    76172
2305   ,全友         ,20230307,     -183,        0,        0
2809   ,京城銀       ,20230307,      121,      118,       66
Y9999  ,加權指數     ,20230307,    78652,    47869,    26733
2305   ,全友         ,20230308,      -65,        0,        0
2809   ,京城銀       ,20230308,       67,        6,      107
Y9999  ,加權指數     ,20230308,  -102691,     1199,    37398
2305   ,全友         ,20230309,     -101,        0,        0
2809   ,京城銀       ,20230309,       -3,        1,       55
Y9999  ,加權指數     ,20230309,  -331899,    10880,     7874
2305   ,全友         ,20230310,      -30,        0,       -2
2809   ,京城銀       ,20230310,     -313,        0,      115
Y9999  ,加權指數     ,20230310,  -450892,    35199,   -45612
2305   ,全友         ,20230313,       33,        0,        0
2809   ,京城銀       ,20230313,      157,        0,       73
Y9999  ,加權指數     ,20230313,    18814,    49231,   -12096
2305   ,全友         ,20230314,       -9,        0,        0
2809   ,京城銀       ,20230314,     -349,       -2,       41
Y9999  ,加權指數     ,20230314,  -502161,    60696,   -23019
2305   ,全友         ,20230315,       25,        0,        0
2809   ,京城銀       ,20230315,      -98,       13,      -82
Y9999  ,加權指數     ,20230315,  -170890,    47832,   -19636
2305   ,全友         ,20230316,       69,        0,        1
2809   ,京城銀       ,20230316,     -248,        0,      117
Y9999  ,加權指數     ,20230316,  -236089,    30494,   -18420
2305   ,全友         ,20230317,       47,        0,        0
2809   ,京城銀       ,20230317,     -238,      -27,       -7
Y9999  ,加權指數     ,20230317,   -62087,    84870,     8896
2305   ,全友         ,20230320,       47,        0,        0
2809   ,京城銀       ,20230320,     -171,        0,       63
Y9999  ,加權指數     ,20230320,   -87951,    36721,    18098
2305   ,全友         ,20230321,      112,        0,       69
2809   ,京城銀       ,20230321,      195,        0,      -15
Y9999  ,加權指數     ,20230321,     4421,    14488,    11559
2305   ,全友         ,20230322,      -68,        0,        0
2809   ,京城銀       ,20230322,     -122,        0,      -18
Y9999  ,加權指數     ,20230322,    86923,      341,     6044
2305   ,全友         ,20230323,       -1,        0,        0
2809   ,京城銀       ,20230323,      392,     -224,      -13
Y9999  ,加權指數     ,20230323,   158221,   -11475,    10305
2305   ,全友         ,20230324,      118,        0,        0
2809   ,京城銀       ,20230324,       47,        0,      -83
Y9999  ,加權指數     ,20230324,    72632,    27471,     7616
2305   ,全友         ,20230327,       -7,        0,        0
2809   ,京城銀       ,20230327,      484,        0,      -26
Y9999  ,加權指數     ,20230327,    -1976,    -5722,    -3057
2305   ,全友         ,20230328,      -66,        0,        0
2809   ,京城銀       ,20230328,      334,        0,       12
Y9999  ,加權指數     ,20230328,     -873,    -6123,   -19321
2305   ,全友         ,20230329,      -54,        0,        0
2809   ,京城銀       ,20230329,      112,        0,       18
Y9999  ,加權指數     ,20230329,   175835,     3432,    11839
2305   ,全友         ,20230330,       47,        0,        0
2809   ,京城銀       ,20230330,      150,        0,       83
Y9999  ,加權指數     ,20230330,    57225,    -2588,     8525
2305   ,全友         ,20230331,       -4,        0,        0
2809   ,京城銀       ,20230331,      718,        0,        1
Y9999  ,加權指數     ,20230331,   169056,    -7354,     5592
2305   ,全友         ,20230406,       20,        0,        0
2809   ,京城銀       ,20230406,      380,        0,       98
Y9999  ,加權指數     ,20230406,     8744,    -1779,    26149
2305   ,全友         ,20230407,       -2,        0,        0
2809   ,京城銀       ,20230407,       58,        0,       56
Y9999  ,加權指數     ,20230407,    37343,     8249,    23903
2305   ,全友         ,20230410,     -251,        0,        1
2809   ,京城銀       ,20230410,      254,        0,       53
Y9999  ,加權指數     ,20230410,    41434,     7445,    15173
2305   ,全友         ,20230411,      -94,        0,       -1
2809   ,京城銀       ,20230411,      453,        0,       29
Y9999  ,加權指數     ,20230411,   179186,     3508,    29210
2305   ,全友         ,20230412,      120,        0,      -23
2809   ,京城銀       ,20230412,      161,        0,       30
Y9999  ,加權指數     ,20230412,   209015,     7312,    32071
2305   ,全友         ,20230413,      -85,        0,        0
2809   ,京城銀       ,20230413,      137,        0,       -7
Y9999  ,加權指數     ,20230413,   134007,     4466,    -5226
2305   ,全友         ,20230414,      -19,        0,        4
2809   ,京城銀       ,20230414,       -8,        0,        2
Y9999  ,加權指數     ,20230414,   180109,    -2510,     7242
2305   ,全友         ,20230417,       61,        0,       -8
2809   ,京城銀       ,20230417,     -203,        0,        7
Y9999  ,加權指數     ,20230417,     6017,     4171,    10423
2305   ,全友         ,20230418,     -229,        0,        0
2809   ,京城銀       ,20230418,       84,       -2,       36
Y9999  ,加權指數     ,20230418,   -39988,    -3377,   -14632
2305   ,全友         ,20230419,      -12,        0,        8
2809   ,京城銀       ,20230419,     -306,        0,       65
Y9999  ,加權指數     ,20230419,   -95731,    -3822,    20642
2305   ,全友         ,20230420,      -75,        0,        0
2809   ,京城銀       ,20230420,       94,        0,      -92
Y9999  ,加權指數     ,20230420,  -139967,   -20251,   -29187
2305   ,全友         ,20230421,       -1,        0,        0
2809   ,京城銀       ,20230421,       65,        0,        8
Y9999  ,加權指數     ,20230421,    38101,    20706,   -32145
2305   ,全友         ,20230424,       14,        0,        0
2809   ,京城銀       ,20230424,      114,        0,      -99
Y9999  ,加權指數     ,20230424,    40558,    23629,   -17101
2305   ,全友         ,20230425,       29,        0,        2
2809   ,京城銀       ,20230425,      161,        0,      292
Y9999  ,加權指數     ,20230425,  -205121,    29927,    -5786
2305   ,全友         ,20230426,      166,        0,        4
2809   ,京城銀       ,20230426,      250,        0,      251
Y9999  ,加權指數     ,20230426,     5769,    33427,    83691
2305   ,全友         ,20230427,       15,        0,        0
2809   ,京城銀       ,20230427,      -16,        0,       15
Y9999  ,加權指數     ,20230427,  -146193,    37800,     5465
2305   ,全友         ,20230428,       79,        0,        0
2809   ,京城銀       ,20230428,      236,        0,       47
Y9999  ,加權指數     ,20230428,   -13288,    15765,    18637
2305   ,全友         ,20230502,      -49,        0,        1
2809   ,京城銀       ,20230502,      179,        0,       78
Y9999  ,加權指數     ,20230502,   151528,    16752,    38560
2305   ,全友         ,20230503,     -129,        0,        0
2809   ,京城銀       ,20230503,       66,        0,       45
Y9999  ,加權指數     ,20230503,   -92252,   -24354,     7291
2305   ,全友         ,20230504,       33,        0,        0
2809   ,京城銀       ,20230504,      659,        0,        4
Y9999  ,加權指數     ,20230504,    34719,    19746,    13241
2305   ,全友         ,20230505,      -25,        0,        0
2809   ,京城銀       ,20230505,     -142,        0,      -31
Y9999  ,加權指數     ,20230505,    -4264,    21909,    13924
2305   ,全友         ,20230508,       -5,        0,        0
2809   ,京城銀       ,20230508,      278,       -9,       54
Y9999  ,加權指數     ,20230508,    66999,    13873,    14071
2305   ,全友         ,20230509,       -5,        0,        0
2809   ,京城銀       ,20230509,      397,        0,       49
Y9999  ,加權指數     ,20230509,    35826,     3414,    -5344
2305   ,全友         ,20230510,       95,        0,        1
2809   ,京城銀       ,20230510,      -69,        0,      103
Y9999  ,加權指數     ,20230510,   -15834,    16789,     5337
2305   ,全友         ,20230511,      -31,        0,        0
2809   ,京城銀       ,20230511,      -27,        0,       31
Y9999  ,加權指數     ,20230511,  -159440,    17512,   -15837
2305   ,全友         ,20230512,      102,        0,       -1
2809   ,京城銀       ,20230512,     -419,        0,       91
Y9999  ,加權指數     ,20230512,  -118308,    12191,    23406
2305   ,全友         ,20230515,       96,        0,        3
2809   ,京城銀       ,20230515,       18,        0,       63
Y9999  ,加權指數     ,20230515,   -67916,    12087,    32534
2305   ,全友         ,20230516,       39,        0,       15
2809   ,京城銀       ,20230516,      117,       -6,      208
Y9999  ,加權指數     ,20230516,   202958,   -12112,   148224
2305   ,全友         ,20230517,       61,        0,       16
2809   ,京城銀       ,20230517,      889,        0,      662
Y9999  ,加權指數     ,20230517,   236829,     1679,   337241
2305   ,全友         ,20230518,     -142,        0,       19
2809   ,京城銀       ,20230518,       83,        0,       87
Y9999  ,加權指數     ,20230518,   339660,     2768,   125304
2305   ,全友         ,20230519,      -83,        0,        5
2809   ,京城銀       ,20230519,      440,        0,      -36
Y9999  ,加權指數     ,20230519,   309143,    14901,    46345
2305   ,全友         ,20230522,      -94,        0,        0
2809   ,京城銀       ,20230522,      940,        0,      -57
Y9999  ,加權指數     ,20230522,   201248,    -5916,    23381
2305   ,全友         ,20230523,      198,        0,       -4
2809   ,京城銀       ,20230523,        9,        0,       12
Y9999  ,加權指數     ,20230523,   126371,    -5929,    13020
2305   ,全友         ,20230524,     -430,        0,        0
2809   ,京城銀       ,20230524,      600,        0,       48
Y9999  ,加權指數     ,20230524,    23844,      431,    55033
2305   ,全友         ,20230525,      -40,        0,        0
2809   ,京城銀       ,20230525,     -427,        0,     -144
Y9999  ,加權指數     ,20230525,  -171746,    42108,     6382
2305   ,全友         ,20230526,      -93,        0,        0
2809   ,京城銀       ,20230526,     -252,        0,     -147
Y9999  ,加權指數     ,20230526,   -53097,     6285,     4344
2305   ,全友         ,20230529,        7,        0,        0
2809   ,京城銀       ,20230529,      277,        0,       52
Y9999  ,加權指數     ,20230529,   235431,     2205,    56956
2305   ,全友         ,20230530,       21,        0,        5
2809   ,京城銀       ,20230530,      333,        0,      197
Y9999  ,加權指數     ,20230530,   -17926,     3366,    -9033
2305   ,全友         ,20230531,      132,        0,       14
2809   ,京城銀       ,20230531,      508,      114,      312
Y9999  ,加權指數     ,20230531,   -34986,   -11273,    86408
2305   ,全友         ,20230601,       22,        0,        0
2809   ,京城銀       ,20230601,      271,      114,      104
Y9999  ,加權指數     ,20230601,   -53236,    24153,    26716
2305   ,全友         ,20230602,       79,        0,        1
2809   ,京城銀       ,20230602,      516,        2,      -38
Y9999  ,加權指數     ,20230602,   223274,    19446,    22293
2305   ,全友         ,20230605,       31,        0,        0
2809   ,京城銀       ,20230605,      143,        0,       95
Y9999  ,加權指數     ,20230605,   170958,    11045,    42701
2305   ,全友         ,20230606,      -48,        0,        0
2809   ,京城銀       ,20230606,      667,        0,      305
Y9999  ,加權指數     ,20230606,    49795,    37061,   -12001
2305   ,全友         ,20230607,       12,        0,        1
2809   ,京城銀       ,20230607,       10,        0,     -143
Y9999  ,加權指數     ,20230607,    94812,    15547,    23551
2305   ,全友         ,20230608,      -46,        0,        0
2809   ,京城銀       ,20230608,       91,        0,       21
Y9999  ,加權指數     ,20230608,  -144200,    65919,     -105
2305   ,全友         ,20230609,       40,        0,        0
2809   ,京城銀       ,20230609,      771,        0,      -99
Y9999  ,加權指數     ,20230609,    58398,    30752,    17298
2305   ,全友         ,20230612,      195,        0,       -2
2809   ,京城銀       ,20230612,      214,        0,     -127
Y9999  ,加權指數     ,20230612,   -57485,    -2153,   -15161
2305   ,全友         ,20230613,     -340,        0,       -5
2809   ,京城銀       ,20230613,      798,      947,     -138
Y9999  ,加權指數     ,20230613,   160404,    -6700,    52185
2305   ,全友         ,20230614,       -9,        0,        0
2809   ,京城銀       ,20230614,      248,     1069,      -99
Y9999  ,加權指數     ,20230614,    79082,    -5476,    63753
2305   ,全友         ,20230615,      -61,        0,        1
2809   ,京城銀       ,20230615,      377,      942,     -242
Y9999  ,加權指數     ,20230615,    84528,   -21287,    28747
2305   ,全友         ,20230616,      -20,        0,       10
2809   ,京城銀       ,20230616,    -3036,     1218,      299
Y9999  ,加權指數     ,20230616,     1425,   -44355,    34748
2305   ,全友         ,20230619,       50,        0,       -3
2809   ,京城銀       ,20230619,    -2454,     3467,     -242
Y9999  ,加權指數     ,20230619,   -84532,    41739,    14383
2305   ,全友         ,20230620,      -54,        0,        0
2809   ,京城銀       ,20230620,    -2289,     3364,      -56
Y9999  ,加權指數     ,20230620,    41684,    -8850,   -43013
2305   ,全友         ,20230621,     -115,        0,        5
2809   ,京城銀       ,20230621,     -742,      519,       67
Y9999  ,加權指數     ,20230621,   -32893,    29490,    40602
2305   ,全友         ,20230626,      -50,        0,       -5
2809   ,京城銀       ,20230626,     -421,      583,       44
Y9999  ,加權指數     ,20230626,  -369902,    33950,    61362
2305   ,全友         ,20230627,      -72,        0,        0
2809   ,京城銀       ,20230627,       12,       86,       64
Y9999  ,加權指數     ,20230627,  -173447,   -15663,   -29245
2305   ,全友         ,20230628,      -91,        0,        0
2809   ,京城銀       ,20230628,       75,      142,       61
Y9999  ,加權指數     ,20230628,  -130338,     6799,    58182
2305   ,全友         ,20230629,       47,        0,        0
2809   ,京城銀       ,20230629,       64,       85,      -27
Y9999  ,加權指數     ,20230629,   -76614,     2613,    85227
2305   ,全友         ,20230630,       10,        0,        0
2809   ,京城銀       ,20230630,      -39,       27,      -12
Y9999  ,加權指數     ,20230630,   -60481,    -3139,   -19920
2305   ,全友         ,20230703,      -46,        0,        0
2809   ,京城銀       ,20230703,       36,       54,      -34
Y9999  ,加權指數     ,20230703,    48644,   -24279,   128118
2305   ,全友         ,20230704,      -40,        0,        2
2809   ,京城銀       ,20230704,       24,      -38,       79
Y9999  ,加權指數     ,20230704,   -75106,   -33509,   -62543
2305   ,全友         ,20230705,      -77,        0,        0
2809   ,京城銀       ,20230705,     1926,        0,     -724
Y9999  ,加權指數     ,20230705,  -185287,     4961,   -38130
2305   ,全友         ,20230706,      -76,        0,       -3
2809   ,京城銀       ,20230706,      176,      -13,      123
Y9999  ,加權指數     ,20230706,  -578591,     1218,   -62782
2305   ,全友         ,20230707,      -50,        0,       -2
2809   ,京城銀       ,20230707,       17,       -9,      186
Y9999  ,加權指數     ,20230707,  -357245,    -3212,   -23472
2305   ,全友         ,20230710,      -72,        0,       -1
2809   ,京城銀       ,20230710,      -60,       17,       69
Y9999  ,加權指數     ,20230710,  -207633,     5182,   -19441
2305   ,全友         ,20230711,       13,        0,        0
2809   ,京城銀       ,20230711,      216,       72,     -170
Y9999  ,加權指數     ,20230711,   279052,   -15116,    34088
2305   ,全友         ,20230712,      -20,        0,        0
2809   ,京城銀       ,20230712,       -2,       -1,     -142
Y9999  ,加權指數     ,20230712,   -69170,    -7368,   -11864
2305   ,全友         ,20230713,      -73,        0,        1
2809   ,京城銀       ,20230713,      780,      -18,     -245
Y9999  ,加權指數     ,20230713,    88308,   -52991,   -39217
2305   ,全友         ,20230714,      -11,        0,       -1
2809   ,京城銀       ,20230714,      181,      -34,     -281
Y9999  ,加權指數     ,20230714,   181917,   -24974,   -45035
2305   ,全友         ,20230717,       44,        0,       -1
2809   ,京城銀       ,20230717,      671,     -162,      -78
Y9999  ,加權指數     ,20230717,   226489,   -18124,    13441
2305   ,全友         ,20230718,     -103,        0,        0
2809   ,京城銀       ,20230718,      234,      -11,      -95
Y9999  ,加權指數     ,20230718,  -224304,   -21555,   -66926
2305   ,全友         ,20230719,      -35,        0,       -2
2809   ,京城銀       ,20230719,      158,        0,     -237
Y9999  ,加權指數     ,20230719,  -127127,   -27423,  -109368
2305   ,全友         ,20230720,      125,        0,        0
2809   ,京城銀       ,20230720,      459,       -1,     -175
Y9999  ,加權指數     ,20230720,   146390,   -23789,    -4151
2305   ,全友         ,20230721,      -69,        0,        0
2809   ,京城銀       ,20230721,      350,      -13,     -320
Y9999  ,加權指數     ,20230721,  -192128,   -28208,    -3624
2305   ,全友         ,20230724,     -155,        0,        0
2809   ,京城銀       ,20230724,      -51,      -56,     -842
Y9999  ,加權指數     ,20230724,  -289903,   -39993,   -49608
2305   ,全友         ,20230725,      185,        0,        0
2809   ,京城銀       ,20230725,     -145,       -1,     -393
Y9999  ,加權指數     ,20230725,   157485,   -16027,   -16045
2305   ,全友         ,20230726,      -65,        0,        3
2809   ,京城銀       ,20230726,      637,       -2,     -183
Y9999  ,加權指數     ,20230726,   224947,   -25343,    -5567
2305   ,全友         ,20230727,       30,        0,        0
2809   ,京城銀       ,20230727,      422,        0,      -11
Y9999  ,加權指數     ,20230727,   382605,    -2013,    56677
2305   ,全友         ,20230728,      -27,        0,       -3
2809   ,京城銀       ,20230728,      302,        0,     -384
Y9999  ,加權指數     ,20230728,   -22683,    16543,   -43253
2305   ,全友         ,20230731,      -30,        0,        0
2809   ,京城銀       ,20230731,      -31,       -1,     -117
Y9999  ,加權指數     ,20230731,  -162322,    30118,   -15559
2305   ,全友         ,20230801,      -12,        0,        0
2809   ,京城銀       ,20230801,      191,        0,     -127
Y9999  ,加權指數     ,20230801,   100334,    13253,    11192
2305   ,全友         ,20230802,      -86,        0,        0
2809   ,京城銀       ,20230802,      -24,        0,      -93
Y9999  ,加權指數     ,20230802,  -364438,    43658,   -97010
2305   ,全友         ,20230804,       12,        0,        0
2809   ,京城銀       ,20230804,     2050,        2,     -624
Y9999  ,加權指數     ,20230804,   -79682,    28121,   -40731
2305   ,全友         ,20230807,       -8,        0,       -1
2809   ,京城銀       ,20230807,     -101,       -3,     -174
Y9999  ,加權指數     ,20230807,    37040,    39296,   -28994
2305   ,全友         ,20230808,      -57,        0,       -2
2809   ,京城銀       ,20230808,      227,       -8,     -246
Y9999  ,加權指數     ,20230808,  -172211,    46365,   -54882
2305   ,全友         ,20230809,       96,        0,        0
2809   ,京城銀       ,20230809,     -373,        0,      -33
Y9999  ,加權指數     ,20230809,    88738,    41641,   -36765
2305   ,全友         ,20230810,      158,        0,       -3
2809   ,京城銀       ,20230810,       65,        0,       58
Y9999  ,加權指數     ,20230810,  -233276,    44508,   -74104
2305   ,全友         ,20230811,     -209,        0,       -1
2809   ,京城銀       ,20230811,      144,        1,      -87
Y9999  ,加權指數     ,20230811,   -28663,    25820,   -46823
2305   ,全友         ,20230814,     -245,        0,        1
2809   ,京城銀       ,20230814,      615,        2,     -277
Y9999  ,加權指數     ,20230814,  -222028,    67824,   -83992
2305   ,全友         ,20230815,       80,        0,        0
2809   ,京城銀       ,20230815,      187,        0,     -104
Y9999  ,加權指數     ,20230815,    42331,    -9823,     2187
2305   ,全友         ,20230816,      -27,        0,        0
2809   ,京城銀       ,20230816,       22,       19,       80
Y9999  ,加權指數     ,20230816,  -241197,    37776,   -18700
2305   ,全友         ,20230817,       60,        0,       -3
2809   ,京城銀       ,20230817,     -250,       79,       34
Y9999  ,加權指數     ,20230817,  -181328,    32056,    28888
2305   ,全友         ,20230818,       -8,        0,       -1
2809   ,京城銀       ,20230818,      396,        0,     -111
Y9999  ,加權指數     ,20230818,  -189844,    11300,   -26149
2305   ,全友         ,20230821,      -38,        0,        2
2809   ,京城銀       ,20230821,      203,        0,      -59
Y9999  ,加權指數     ,20230821,   345990,     6736,    -6595
2305   ,全友         ,20230822,      -64,        0,        0
2809   ,京城銀       ,20230822,      481,        0,     -180
Y9999  ,加權指數     ,20230822,  -106719,    12737,   -21308
2305   ,全友         ,20230823,       42,        0,        0
2809   ,京城銀       ,20230823,      240,       64,      -93
Y9999  ,加權指數     ,20230823,    37003,    12382,      913
2305   ,全友         ,20230824,      -23,        0,       -2
2809   ,京城銀       ,20230824,      175,       55,     -245
Y9999  ,加權指數     ,20230824,    65580,     9886,   -16956
2305   ,全友         ,20230825,       35,        0,       -2
2809   ,京城銀       ,20230825,      831,       16,     -171
Y9999  ,加權指數     ,20230825,  -188601,    10284,   -27834
2305   ,全友         ,20230828,      -24,        0,        8
2809   ,京城銀       ,20230828,      550,       62,      -19
Y9999  ,加權指數     ,20230828,   -96294,    13694,   -30254
2305   ,全友         ,20230829,        5,        0,        1
2809   ,京城銀       ,20230829,      321,        6,        7
Y9999  ,加權指數     ,20230829,    44201,    18199,    15760
2305   ,全友         ,20230830,       68,        0,        1
2809   ,京城銀       ,20230830,      172,      140,       29
Y9999  ,加權指數     ,20230830,   107686,    14459,    18666
2305   ,全友         ,20230831,       -3,        0,        0
2809   ,京城銀       ,20230831,     -147,       14,       27
Y9999  ,加權指數     ,20230831,  -131411,     4933,    18560
2305   ,全友         ,20230901,       10,        0,        0
2809   ,京城銀       ,20230901,       13,        3,      115
Y9999  ,加權指數     ,20230901,    -1575,    19747,     9561
2305   ,全友         ,20230904,       47,        0,        0
2809   ,京城銀       ,20230904,      632,      105,        7
Y9999  ,加權指數     ,20230904,   -79165,    30115,       24
2305   ,全友         ,20230905,       59,        0,       -4
2809   ,京城銀       ,20230905,     -271,       -6,       10
Y9999  ,加權指數     ,20230905,   -47239,    20762,     4371
2305   ,全友         ,20230906,      -78,        0,       -7
2809   ,京城銀       ,20230906,     -304,       30,      -95
Y9999  ,加權指數     ,20230906,  -304288,    47215,   -25135
2305   ,全友         ,20230907,      -31,        0,       -7
2809   ,京城銀       ,20230907,     -224,       60,      -22
Y9999  ,加權指數     ,20230907,  -271923,    47952,   -35817
2305   ,全友         ,20230908,      -10,        0,        0
2809   ,京城銀       ,20230908,       -3,       54,      -11
Y9999  ,加權指數     ,20230908,  -138167,    46510,   -13008
2305   ,全友         ,20230911,      -31,        0,        1
2809   ,京城銀       ,20230911,     -423,       73,       41
Y9999  ,加權指數     ,20230911,  -219515,    59702,   -30259
2305   ,全友         ,20230912,       66,        0,       -1
2809   ,京城銀       ,20230912,      -97,      124,       15
Y9999  ,加權指數     ,20230912,    38000,    43867,     8471
2305   ,全友         ,20230913,       41,        0,        1
2809   ,京城銀       ,20230913,       35,       31,       10
Y9999  ,加權指數     ,20230913,   -18561,    30552,    10471
2305   ,全友         ,20230914,       72,        0,        0
2809   ,京城銀       ,20230914,      476,        0,       -9
Y9999  ,加權指數     ,20230914,   268997,    36601,    27631
2305   ,全友         ,20230915,       62,        0,       -1
2809   ,京城銀       ,20230915,     -406,      488,      -74
Y9999  ,加權指數     ,20230915,    97270,  -145214,     7282
2305   ,全友         ,20230918,       82,        0,       -2
2809   ,京城銀       ,20230918,       52,      496,       -5
Y9999  ,加權指數     ,20230918,  -151554,    24777,   -10633
2305   ,全友         ,20230919,      -80,        0,       -2
2809   ,京城銀       ,20230919,     -464,      465,        2
Y9999  ,加權指數     ,20230919,   -72137,    46804,   -24369
2305   ,全友         ,20230920,      -73,        0,        2
2809   ,京城銀       ,20230920,      -70,      449,       -7
Y9999  ,加權指數     ,20230920,  -182955,    20425,   -76487
2305   ,全友         ,20230921,       -2,        0,        4
2809   ,京城銀       ,20230921,       -5,      517,      107
Y9999  ,加權指數     ,20230921,  -460970,     9745,   -18643
2305   ,全友         ,20230922,      221,        0,       -5
2809   ,京城銀       ,20230922,      247,     -129,       35
Y9999  ,加權指數     ,20230922,  -110154,    15398,     8193
2305   ,全友         ,20230925,      -79,        0,        4
2809   ,京城銀       ,20230925,      393,       86,       -7
Y9999  ,加權指數     ,20230925,   -26190,    24537,    11496
2305   ,全友         ,20230926,       10,        0,       -7
2809   ,京城銀       ,20230926,      174,       82,      -73
Y9999  ,加權指數     ,20230926,  -235687,    26531,   -37605
2305   ,全友         ,20230927,      -47,        0,        0
2809   ,京城銀       ,20230927,      236,       40,      -65
Y9999  ,加權指數     ,20230927,   -69644,    20909,   -36632
2305   ,全友         ,20230928,        7,        0,        1
2809   ,京城銀       ,20230928,     -131,       65,        2
Y9999  ,加權指數     ,20230928,   -33165,    14834,    -1245
2305   ,全友         ,20231002,      -67,        0,        5
2809   ,京城銀       ,20231002,     -269,      127,       68
Y9999  ,加權指數     ,20231002,   -40045,    36698,    29051
2305   ,全友         ,20231003,      -37,        0,       -2
2809   ,京城銀       ,20231003,     -205,        0,      321
Y9999  ,加權指數     ,20231003,  -263157,     9508,    12069
2305   ,全友         ,20231004,     -182,        0,        2
2809   ,京城銀       ,20231004,       77,       44,      150
Y9999  ,加權指數     ,20231004,  -457097,    19712,   -35621
2305   ,全友         ,20231005,      -15,        0,       -5
2809   ,京城銀       ,20231005,     -206,       27,       82
Y9999  ,加權指數     ,20231005,    18913,     5333,    17538
2305   ,全友         ,20231006,      -77,        0,        0
2809   ,京城銀       ,20231006,     -111,       20,      132
Y9999  ,加權指數     ,20231006,   -23700,    24430,    14059
2305   ,全友         ,20231011,       31,        0,        4
2809   ,京城銀       ,20231011,      605,       19,      239
Y9999  ,加權指數     ,20231011,   222514,     6233,    21756
2305   ,全友         ,20231012,      454,        0,       -1
2809   ,京城銀       ,20231012,     -103,        0,      100
Y9999  ,加權指數     ,20231012,   301735,     1106,    25343
2305   ,全友         ,20231013,      -88,        0,        2
2809   ,京城銀       ,20231013,      596,       21,      422
Y9999  ,加權指數     ,20231013,  -139694,    -2720,    31406
2305   ,全友         ,20231016,      -69,        0,        1
2809   ,京城銀       ,20231016,     -261,       75,      477
Y9999  ,加權指數     ,20231016,  -196120,    20321,    11785
2305   ,全友         ,20231017,       25,        0,       -6
2809   ,京城銀       ,20231017,       90,       17,      610
Y9999  ,加權指數     ,20231017,   -84424,    -3762,    30098
2305   ,全友         ,20231018,     -116,        0,        0
2809   ,京城銀       ,20231018,      734,     -591,     1195
Y9999  ,加權指數     ,20231018,  -122606,    -6160,    39250
2305   ,全友         ,20231019,       85,       40,       -1
2809   ,京城銀       ,20231019,     -153,      -26,      794
Y9999  ,加權指數     ,20231019,  -179229,    32633,    56157
2305   ,全友         ,20231020,      124,        0,        0
2809   ,京城銀       ,20231020,     -116,      -89,      224
Y9999  ,加權指數     ,20231020,  -251867,    52156,   -22715
2305   ,全友         ,20231023,       60,       73,       87
2809   ,京城銀       ,20231023,       32,      -68,      144
Y9999  ,加權指數     ,20231023,   -98385,     9633,    -4306
2305   ,全友         ,20231024,      859,        0,      -87
2809   ,京城銀       ,20231024,      -94,       65,       48
Y9999  ,加權指數     ,20231024,   -99771,    28319,     3127
2305   ,全友         ,20231025,     -373,        5,        0
2809   ,京城銀       ,20231025,     -506,       44,      105
Y9999  ,加權指數     ,20231025,   -23456,    40558,    16177
2305   ,全友         ,20231026,     -677,        0,        0
2809   ,京城銀       ,20231026,      -51,        0,      193
Y9999  ,加權指數     ,20231026,  -323011,    14815,   -45444
2305   ,全友         ,20231027,      166,        3,        4
2809   ,京城銀       ,20231027,       54,       17,      126
Y9999  ,加權指數     ,20231027,   -15831,    23014,     -296
2305   ,全友         ,20231030,     -217,        2,        0
2809   ,京城銀       ,20231030,     -155,      112,       60
Y9999  ,加權指數     ,20231030,  -191711,    40179,     9829
2305   ,全友         ,20231031,     -153,        0,       -4
2809   ,京城銀       ,20231031,     -435,       -6,      317
Y9999  ,加權指數     ,20231031,  -182348,    48936,    -4243
2305   ,全友         ,20231101,      -96,        0,        7
2809   ,京城銀       ,20231101,     -577,       78,       48
Y9999  ,加權指數     ,20231101,   -85613,    46130,    11805
2305   ,全友         ,20231102,      101,        2,        0
2809   ,京城銀       ,20231102,     -239,       43,        0
Y9999  ,加權指數     ,20231102,   180069,    29042,    26310
2305   ,全友         ,20231103,       42,        0,        0
2809   ,京城銀       ,20231103,      -48,      102,      -30
Y9999  ,加權指數     ,20231103,   188337,    42381,    17067
2305   ,全友         ,20231106,      307,        0,       -7
2809   ,京城銀       ,20231106,      306,     -149,        0
Y9999  ,加權指數     ,20231106,   202117,     7376,    -1238
2305   ,全友         ,20231107,      -26,        0,        3
2809   ,京城銀       ,20231107,       94,      208,      -33
Y9999  ,加權指數     ,20231107,  -101456,     9804,     2380
2305   ,全友         ,20231108,      244,        0,       -3
2809   ,京城銀       ,20231108,     1494,        0,       -7
Y9999  ,加權指數     ,20231108,   -45002,     3249,     6479
2305   ,全友         ,20231109,     -410,        0,        1
2809   ,京城銀       ,20231109,     -816,      117,        3
Y9999  ,加權指數     ,20231109,   -75534,    18043,     3342
2305   ,全友         ,20231110,     -181,        0,        1
2809   ,京城銀       ,20231110,       92,      -51,      -10
Y9999  ,加權指數     ,20231110,   -78329,    12644,   -10248
2305   ,全友         ,20231113,      -57,        0,        3
2809   ,京城銀       ,20231113,     -281,       51,        6
Y9999  ,加權指數     ,20231113,    64691,    10312,     4205
2305   ,全友         ,20231114,       40,        0,       -3
2809   ,京城銀       ,20231114,      -59,       97,       11
Y9999  ,加權指數     ,20231114,    75712,    11610,    34902
2305   ,全友         ,20231115,      205,        0,        1
2809   ,京城銀       ,20231115,      155,       36,       70
Y9999  ,加權指數     ,20231115,   785246,   -62386,    24685
2305   ,全友         ,20231116,      -74,        0,        0
2809   ,京城銀       ,20231116,      165,       -6,       -4
Y9999  ,加權指數     ,20231116,   365853,    16219,    39225
2305   ,全友         ,20231117,      -52,        0,        0
2809   ,京城銀       ,20231117,       91,       -6,      -48
Y9999  ,加權指數     ,20231117,   236345,     4776,    -2806
2305   ,全友         ,20231120,       95,        0,       -1
2809   ,京城銀       ,20231120,      -20,        0,     -262
Y9999  ,加權指數     ,20231120,   102022,    13628,     2319
2305   ,全友         ,20231121,     -256,        0,        2
2809   ,京城銀       ,20231121,     2032,      -53,     -201
Y9999  ,加權指數     ,20231121,   588308,   -32158,   -39972
2305   ,全友         ,20231122,       83,        0,       -2
2809   ,京城銀       ,20231122,     1290,      190,        7
Y9999  ,加權指數     ,20231122,    -8027,   -28627,     -414
2305   ,全友         ,20231123,     -148,        0,        0
2809   ,京城銀       ,20231123,      -81,       17,      -17
Y9999  ,加權指數     ,20231123,    93367,   -31420,   -10776
2305   ,全友         ,20231124,      -92,        0,        0
2809   ,京城銀       ,20231124,       -7,       -4,      -33
Y9999  ,加權指數     ,20231124,    69092,   -46771,    -6486
2305   ,全友         ,20231127,      -19,        0,        0
2809   ,京城銀       ,20231127,      384,        0,      -15
Y9999  ,加權指數     ,20231127,    30559,   -42402,   -19273
2305   ,全友         ,20231128,      154,        0,        1
2809   ,京城銀       ,20231128,     -132,        0,       11
Y9999  ,加權指數     ,20231128,   376864,   -48051,    28846
2305   ,全友         ,20231129,       19,        0,        0
2809   ,京城銀       ,20231129,      309,        0,      -35
Y9999  ,加權指數     ,20231129,    49038,   -48671,    -9462
2305   ,全友         ,20231130,      106,        0,        0
2809   ,京城銀       ,20231130,      -63,        0,       45
Y9999  ,加權指數     ,20231130,   224939,  -132934,   -11952
2305   ,全友         ,20231201,      -47,        0,        0
2809   ,京城銀       ,20231201,     1408,        0,      -52
Y9999  ,加權指數     ,20231201,   -72152,   -25341,     3536
