證券代碼,簡稱,年月日,成交量(千股),報酬率％,本益比-TEJ
2809   ,京城銀       ,20221201,     1830,     1.1461,    48.2413
2305   ,全友         ,20221201,     2123,     1.0309,    99.6954
2809   ,京城銀       ,20221202,     1220,    -0.9915,    47.7630
2305   ,全友         ,20221202,     1968,    -1.8707,    97.8304
2809   ,京城銀       ,20221205,     3517,     0.4292,    47.9679
2305   ,全友         ,20221205,     1465,    -0.1733,    97.6608
2809   ,京城銀       ,20221206,     2359,    -2.4217,    46.8063
2305   ,全友         ,20221206,     1646,    -2.4306,    95.2871
2809   ,京城銀       ,20221207,     1222,     1.4599,    47.4896
2305   ,全友         ,20221207,     1743,    -2.6690,    92.7439
2809   ,京城銀       ,20221208,     3019,     1.5827,    48.2413
2305   ,全友         ,20221208,     1256,     2.7422,    95.2871
2809   ,京城銀       ,20221209,     3191,     1.4164,    48.9246
2305   ,全友         ,20221209,      963,    -1.7794,    93.5916
2809   ,京城銀       ,20221212,     4430,     0.1397,    48.9929
2305   ,全友         ,20221212,      853,     1.6304,    95.1176
2809   ,京城銀       ,20221213,     3116,     0.0000,    48.9929
2305   ,全友         ,20221213,      987,    -2.6738,    92.5743
2809   ,京城銀       ,20221214,     3342,     0.4184,    49.1979
2305   ,全友         ,20221214,      799,     2.0147,    94.4394
2809   ,京城銀       ,20221215,     4686,     1.6667,    50.0179
2305   ,全友         ,20221215,      738,    -1.2567,    93.2525
2809   ,京城銀       ,20221216,    14760,    -2.1858,    48.9246
2305   ,全友         ,20221216,     1156,    -2.1818,    91.2179
2809   ,京城銀       ,20221219,    18974,    -5.7263,    46.1230
2305   ,全友         ,20221219,      947,    -2.9740,    88.5051
2809   ,京城銀       ,20221220,    13450,     1.0370,    46.6013
2305   ,全友         ,20221220,     1328,    -3.6398,    85.2837
2809   ,京城銀       ,20221221,    15714,     0.1466,    46.6697
2305   ,全友         ,20221221,      768,     0.7952,    85.9619
2809   ,京城銀       ,20221222,    18556,     2.7818,    47.9679
2305   ,全友         ,20221222,      977,     0.5917,    86.4705
2809   ,京城銀       ,20221223,     3989,    -3.4188,    46.3280
2305   ,全友         ,20221223,     1136,     1.3725,    87.6574
2809   ,京城銀       ,20221226,     1857,    -1.0324,    45.8497
2305   ,全友         ,20221226,      841,     1.5474,    89.0138
2809   ,京城銀       ,20221227,     1853,     0.0000,    45.8497
2305   ,全友         ,20221227,     1119,     0.3810,    89.3529
2809   ,京城銀       ,20221228,     2912,    -1.1923,    45.3031
2305   ,全友         ,20221228,      572,    -3.2258,    86.4705
2809   ,京城銀       ,20221229,     1990,     0.9050,    45.7130
2305   ,全友         ,20221229,      568,     0.7843,    87.1487
2809   ,京城銀       ,20221230,     1454,     1.3453,    46.3280
2305   ,全友         ,20221230,      437,    -0.5837,    86.6401
2809   ,京城銀       ,20230103,      525,    -1.0324,    45.8497
2305   ,全友         ,20230103,      731,     2.9354,    89.1833
2809   ,京城銀       ,20230104,      769,    -0.1490,    45.7814
2305   ,全友         ,20230104,      806,     1.5209,    90.5397
2809   ,京城銀       ,20230105,     1578,     0.5970,    46.0547
2305   ,全友         ,20230105,      611,    -2.4345,    88.3356
2809   ,京城銀       ,20230106,     1470,     0.8902,    46.4647
2305   ,全友         ,20230106,      431,    -0.3839,    87.9965
2809   ,京城銀       ,20230109,     1740,     0.5882,    46.7380
2305   ,全友         ,20230109,      412,     0.3854,    88.3356
2809   ,京城銀       ,20230110,     1420,     0.1462,    46.8063
2305   ,全友         ,20230110,      521,    -1.9194,    86.6401
2809   ,京城銀       ,20230111,      949,     0.2920,    46.9430
2305   ,全友         ,20230111,      428,    -0.1957,    86.4705
2809   ,京城銀       ,20230112,      720,    -0.2911,    46.8063
2305   ,全友         ,20230112,      327,    -0.5882,    85.9619
2809   ,京城銀       ,20230113,      447,     0.2920,    46.9430
2305   ,全友         ,20230113,      381,    -1.3807,    84.7750
2809   ,京城銀       ,20230116,      717,     0.2911,    47.0797
2305   ,全友         ,20230116,      307,     1.0000,    85.6228
2809   ,京城銀       ,20230117,     2908,     1.4514,    47.7630
2305   ,全友         ,20230117,      282,     0.5941,    86.1314
2809   ,京城銀       ,20230130,     2935,     1.2876,    48.3779
2305   ,全友         ,20230130,      374,     1.9685,    87.8269
2809   ,京城銀       ,20230131,     3560,    -2.1186,    47.3530
2305   ,全友         ,20230131,      656,     1.9305,    89.5224
2809   ,京城銀       ,20230201,      956,     0.8658,    47.7630
2305   ,全友         ,20230201,      558,    -0.9470,    88.6747
2809   ,京城銀       ,20230202,      972,     0.7153,    48.1046
2305   ,全友         ,20230202,      647,     1.9120,    90.3702
2809   ,京城銀       ,20230203,     2254,     0.5682,    48.3779
2305   ,全友         ,20230203,      483,    -1.6886,    88.8442
2809   ,京城銀       ,20230206,     1250,    -0.2825,    48.2413
2305   ,全友         ,20230206,      294,    -0.9542,    87.9965
2809   ,京城銀       ,20230207,     1178,     0.2833,    48.3779
2305   ,全友         ,20230207,      308,     0.0000,    87.9965
2809   ,京城銀       ,20230208,      611,    -0.2825,    48.2413
2305   ,全友         ,20230208,      283,    -0.7707,    87.3183
2809   ,京城銀       ,20230209,     1316,    -1.2748,    47.6263
2305   ,全友         ,20230209,      453,    -0.9709,    86.4705
2809   ,京城銀       ,20230210,      830,    -0.2869,    47.4896
2305   ,全友         ,20230210,      653,    -1.9608,    84.7750
2809   ,京城銀       ,20230213,     1294,    -0.5755,    47.2163
2305   ,全友         ,20230213,      350,     1.4000,    85.9619
2809   ,京城銀       ,20230214,      789,     0.8683,    47.6263
2305   ,全友         ,20230214,      288,     0.7890,    86.6401
2809   ,京城銀       ,20230215,     2374,    -2.1521,    46.6013
2305   ,全友         ,20230215,      262,    -1.5656,    85.2837
2809   ,京城銀       ,20230216,     1152,     0.2933,    46.7380
2305   ,全友         ,20230216,      297,    -0.1988,    85.1141
2809   ,京城銀       ,20230217,      720,     0.0000,    46.7380
2305   ,全友         ,20230217,      362,    -0.7968,    84.4359
2809   ,京城銀       ,20230220,      573,     1.1696,    47.2846
2305   ,全友         ,20230220,      497,    -0.6024,    83.9273
2809   ,京城銀       ,20230221,      703,    -0.5780,    47.0113
2305   ,全友         ,20230221,      612,     0.6061,    84.4359
2809   ,京城銀       ,20230222,      977,    -0.5814,    46.7380
2305   ,全友         ,20230222,     1067,    -2.6104,    82.2318
2809   ,京城銀       ,20230223,     1947,    -0.2924,    46.6013
2305   ,全友         ,20230223,      608,    -0.6186,    81.7231
2809   ,京城銀       ,20230224,     1047,     0.0000,    46.6013
2305   ,全友         ,20230224,      788,    -1.8672,    80.1972
2809   ,京城銀       ,20230301,     1498,    -0.8798,    46.1914
2305   ,全友         ,20230301,      608,     0.4228,    80.5363
2809   ,京城銀       ,20230302,      563,     0.4438,    46.3963
2305   ,全友         ,20230302,      477,    -1.2632,    79.5190
2809   ,京城銀       ,20230303,     1550,     1.9146,    47.2846
2305   ,全友         ,20230303,     2508,     9.8081,    87.3183
2809   ,京城銀       ,20230306,      935,     0.2890,    47.4213
2305   ,全友         ,20230306,     6969,     6.7961,    93.2525
2809   ,京城銀       ,20230307,     1398,     1.0086,    47.8996
2305   ,全友         ,20230307,     1829,    -3.4545,    90.0311
2809   ,京城銀       ,20230308,     1031,    -0.1427,    47.8313
2305   ,全友         ,20230308,     1506,    -2.6365,    87.6574
2809   ,京城銀       ,20230309,      812,     0.0000,    47.8313
2305   ,全友         ,20230309,     1508,     0.5803,    88.1660
2809   ,京城銀       ,20230310,      814,    -1.2857,    47.2163
2305   ,全友         ,20230310,     1039,    -0.9615,    87.3183
2809   ,京城銀       ,20230313,     1017,     0.1447,    47.2846
2305   ,全友         ,20230313,      667,    -1.7476,    85.7923
2809   ,京城銀       ,20230314,     1028,    -1.1561,    46.7380
2305   ,全友         ,20230314,      326,    -0.9881,    84.9446
2809   ,京城銀       ,20230315,      726,    -0.2924,    46.6013
2305   ,全友         ,20230315,      352,    -0.3992,    84.6055
2809   ,京城銀       ,20230316,     2609,    -2.0528,    45.6447
2305   ,全友         ,20230316,      710,    -4.4088,    80.8754
2809   ,京城銀       ,20230317,      649,     0.4491,    45.8497
2305   ,全友         ,20230317,      426,     1.0482,    81.7231
2809   ,京城銀       ,20230320,      527,     0.0000,    45.8497
2305   ,全友         ,20230320,      818,     2.9046,    84.0968
2809   ,京城銀       ,20230321,      461,     1.0432,    46.3280
2305   ,全友         ,20230321,     1723,     4.6371,    87.9965
2809   ,京城銀       ,20230322,      891,     0.8850,    46.7380
2305   ,全友         ,20230322,      985,    -0.9634,    87.1487
2809   ,京城銀       ,20230323,      991,     0.5848,    47.0113
2305   ,全友         ,20230323,      371,    -0.7782,    86.4705
2809   ,京城銀       ,20230324,      917,    -0.5814,    46.7380
2305   ,全友         ,20230324,      703,     1.7647,    87.9965
2809   ,京城銀       ,20230327,     1499,     1.1696,    47.2846
2305   ,全友         ,20230327,      266,    -1.1561,    86.9792
2809   ,京城銀       ,20230328,      849,     0.2890,    47.4213
2305   ,全友         ,20230328,      359,    -2.7290,    84.6055
2809   ,京城銀       ,20230329,      336,    -0.1441,    47.3530
2305   ,全友         ,20230329,      227,    -0.8016,    83.9273
2809   ,京城銀       ,20230330,      936,     0.2886,    47.4896
2305   ,全友         ,20230330,      181,     0.6061,    84.4359
2809   ,京城銀       ,20230331,     1655,     1.4388,    48.1729
2305   ,全友         ,20230331,      199,    -0.4016,    84.0968
2809   ,京城銀       ,20230406,      988,     0.5674,    48.4463
2305   ,全友         ,20230406,      151,    -0.4032,    83.7577
2809   ,京城銀       ,20230407,      737,     0.0000,    48.4463
2305   ,全友         ,20230407,      196,     0.0000,    83.7577
2809   ,京城銀       ,20230410,     1595,    -2.1157,    47.4213
2305   ,全友         ,20230410,      527,    -2.0243,    82.0622
2809   ,京城銀       ,20230411,     1084,     0.2882,    47.5580
2305   ,全友         ,20230411,      305,     0.8264,    82.7404
2809   ,京城銀       ,20230412,      592,    -0.2874,    47.4213
2305   ,全友         ,20230412,      742,     2.2541,    84.6055
2809   ,京城銀       ,20230413,      499,    -0.4323,    47.2163
2305   ,全友         ,20230413,      280,    -1.8036,    83.0795
2809   ,京城銀       ,20230414,      571,     0.0000,    47.2163
2305   ,全友         ,20230414,      388,    -1.0204,    82.2318
2809   ,京城銀       ,20230417,     1056,     0.2894,    47.3530
2305   ,全友         ,20230417,      207,     0.6186,    82.7404
2809   ,京城銀       ,20230418,      449,     0.2886,    47.4896
2305   ,全友         ,20230418,      725,    -1.6393,    81.3840
2809   ,京城銀       ,20230419,      787,    -0.8633,    47.0797
2305   ,全友         ,20230419,      458,     1.6667,    82.7404
2809   ,京城銀       ,20230420,      419,     0.4354,    47.2846
2305   ,全友         ,20230420,      238,    -2.0492,    81.0449
2809   ,京城銀       ,20230421,      535,     0.1445,    47.3530
2305   ,全友         ,20230421,      368,    -1.2552,    80.0276
2809   ,京城銀       ,20230424,      477,    -0.2886,    47.2163
2305   ,全友         ,20230424,      134,     0.0000,    80.0276
2809   ,京城銀       ,20230425,     1067,    -0.2894,    47.0797
2305   ,全友         ,20230425,      593,    -5.7203,    75.4498
2809   ,京城銀       ,20230426,      908,     1.3062,    47.6946
2305   ,全友         ,20230426,      605,     0.6742,    75.9584
2809   ,京城銀       ,20230427,      462,    -0.1433,    47.6263
2305   ,全友         ,20230427,      309,    -0.6696,    75.4498
2809   ,京城銀       ,20230428,      715,     1.1478,    48.1729
2305   ,全友         ,20230428,      266,     1.3483,    76.4671
2809   ,京城銀       ,20230502,      566,     0.5674,    48.4463
2305   ,全友         ,20230502,      204,    -0.8869,    75.7889
2809   ,京城銀       ,20230503,      413,    -0.8463,    48.0363
2305   ,全友         ,20230503,      307,    -1.5660,    74.6020
2809   ,京城銀       ,20230504,     1540,     1.2802,    48.6513
2305   ,全友         ,20230504,      307,     1.3636,    75.6193
2809   ,京城銀       ,20230505,      629,    -0.8427,    48.2413
2305   ,全友         ,20230505,      142,    -0.6726,    75.1107
2809   ,京城銀       ,20230508,      809,     0.7082,    48.5829
2305   ,全友         ,20230508,      128,    -0.6772,    74.6020
2809   ,京城銀       ,20230509,     1257,     0.1406,    48.6513
2305   ,全友         ,20230509,      432,    -3.6364,    71.8892
2809   ,京城銀       ,20230510,      470,    -0.4213,    48.4463
2305   ,全友         ,20230510,      198,     1.4151,    72.9065
2809   ,京城銀       ,20230511,      323,    -0.2821,    48.3096
2305   ,全友         ,20230511,      318,    -2.5581,    71.0415
2809   ,京城銀       ,20230512,      828,    -0.7072,    47.9679
2305   ,全友         ,20230512,      178,     0.7160,    71.5501
2809   ,京城銀       ,20230515,      433,     0.0000,    47.9679
2305   ,全友         ,20230515,      217,     0.7109,    72.0588
2809   ,京城銀       ,20230516,      942,     0.8547,    48.3779
2305   ,全友         ,20230516,      119,     1.1765,    72.9065
2809   ,京城銀       ,20230517,     2025,     1.9774,    49.3346
2305   ,全友         ,20230517,      186,     1.1628,    73.7543
2809   ,京城銀       ,20230518,      931,    -0.4155,    49.1296
2305   ,全友         ,20230518,      674,     2.5287,    75.6193
2809   ,京城銀       ,20230519,      914,     0.5563,    49.4029
2305   ,全友         ,20230519,      256,    -2.2422,    73.9238
2809   ,京城銀       ,20230522,     1392,     0.4149,    49.6079
2305   ,全友         ,20230522,      340,     1.8349,    75.2802
2809   ,京城銀       ,20230523,     1862,    -1.1019,    49.0612
2305   ,全友         ,20230523,     3171,     9.9099,    82.7404
2809   ,京城銀       ,20230524,     1825,     0.5571,    49.3346
2305   ,全友         ,20230524,     3379,    -2.0492,    81.0449
2809   ,京城銀       ,20230525,     1919,    -1.9391,    48.3779
2305   ,全友         ,20230525,      496,    -0.6276,    80.5363
2809   ,京城銀       ,20230526,     1959,    -0.2825,    48.2413
2305   ,全友         ,20230526,     5776,    -2.5263,    78.5017
2809   ,京城銀       ,20230529,      956,     0.1416,    48.3096
2305   ,全友         ,20230529,      284,    -0.2160,    78.3321
2809   ,京城銀       ,20230530,     1157,     0.1414,    48.3779
2305   ,全友         ,20230530,      186,    -1.0823,    77.4844
2809   ,京城銀       ,20230531,     2120,     1.5537,    49.1296
2305   ,全友         ,20230531,      396,     2.1882,    79.1799
2809   ,京城銀       ,20230601,     1449,    -0.5563,    13.1934
2305   ,全友         ,20230601,      178,    -0.6424,   729.4498
2809   ,京城銀       ,20230602,      974,     0.2797,    13.2303
2305   ,全友         ,20230602,      318,     0.2155,   731.0219
2809   ,京城銀       ,20230605,     2969,     0.6974,    13.3226
2305   ,全友         ,20230605,      255,     1.2903,   740.4544
2809   ,京城銀       ,20230606,     3850,     0.4155,    13.3779
2305   ,全友         ,20230606,      287,    -2.3355,   723.1614
2809   ,京城銀       ,20230607,     3591,     0.5517,    13.0458
2305   ,全友         ,20230607,      126,     0.0000,   723.1614
2809   ,京城銀       ,20230608,     1367,    -0.4243,    12.9904
2305   ,全友         ,20230608,      287,    -2.1739,   707.4406
2809   ,京城銀       ,20230609,     1482,     0.7102,    13.0827
2305   ,全友         ,20230609,      208,     0.0000,   707.4406
2809   ,京城銀       ,20230612,     1389,    -0.2821,    13.0458
2305   ,全友         ,20230612,     3122,    10.0000,   778.1845
2809   ,京城銀       ,20230613,     2569,     1.1315,    13.1934
2305   ,全友         ,20230613,     5069,    -0.8081,   771.8962
2809   ,京城銀       ,20230614,     2185,     0.4196,    13.2487
2305   ,全友         ,20230614,      818,    -1.6293,   759.3195
2809   ,京城銀       ,20230615,     1887,     0.4178,    13.3041
2305   ,全友         ,20230615,      530,    -1.0352,   751.4591
2809   ,京城銀       ,20230616,     4659,    -2.0804,    13.0273
2305   ,全友         ,20230616,      402,    -1.0460,   743.5987
2809   ,京城銀       ,20230619,     4981,     1.5581,    13.2303
2305   ,全友         ,20230619,     2118,     3.5941,   770.3241
2809   ,京城銀       ,20230620,     4153,     0.2789,    13.2672
2305   ,全友         ,20230620,      508,    -1.6327,   757.7474
2809   ,京城銀       ,20230621,     2215,    -0.8345,    13.1565
2305   ,全友         ,20230621,     1264,     2.4896,   776.6124
2809   ,京城銀       ,20230626,     1788,    -0.2805,    13.1196
2305   ,全友         ,20230626,      501,    -2.6316,   756.1754
2809   ,京城銀       ,20230627,     1317,    -0.5626,    13.0458
2305   ,全友         ,20230627,      437,    -1.0395,   748.3149
2809   ,京城銀       ,20230628,     1234,     0.1414,    13.0642
2305   ,全友         ,20230628,      315,    -0.4202,   745.1708
2809   ,京城銀       ,20230629,      519,     0.4237,    13.1196
2305   ,全友         ,20230629,      254,    -0.2110,   743.5987
2809   ,京城銀       ,20230630,      396,     0.0000,    13.1196
2305   ,全友         ,20230630,      203,     0.0000,   743.5987
2809   ,京城銀       ,20230703,      681,     0.1406,    13.1380
2305   ,全友         ,20230703,      331,    -0.4228,   740.4544
2809   ,京城銀       ,20230704,      676,    -0.1404,    13.1196
2305   ,全友         ,20230704,      318,    -1.0616,   732.5939
2809   ,京城銀       ,20230705,     4229,     1.9691,    13.3779
2305   ,全友         ,20230705,      319,    -1.0730,   724.7335
2809   ,京城銀       ,20230706,     1292,    -0.2759,    13.3410
2305   ,全友         ,20230706,      300,    -0.2169,   723.1614
2809   ,京城銀       ,20230707,      957,    -0.1383,    13.3226
2305   ,全友         ,20230707,      504,    -1.7391,   710.5848
2809   ,京城銀       ,20230710,      674,    -0.2770,    13.2856
2305   ,全友         ,20230710,      234,    -0.4425,   707.4406
2809   ,京城銀       ,20230711,      714,     0.2778,    13.3226
2305   ,全友         ,20230711,      543,    -2.0000,   693.2917
2809   ,京城銀       ,20230712,      531,    -0.1385,    13.3041
2305   ,全友         ,20230712,      734,    -2.9478,   672.8546
2809   ,京城銀       ,20230713,     1265,     0.1387,    13.3226
2305   ,全友         ,20230713,      584,     0.2336,   674.4267
2809   ,京城銀       ,20230714,      860,     0.1385,    13.3410
2305   ,全友         ,20230714,      335,     0.2331,   675.9988
2809   ,京城銀       ,20230717,     1392,     0.5533,    13.4148
2305   ,全友         ,20230717,      348,     1.6279,   687.0034
2809   ,京城銀       ,20230718,      912,     0.0000,    13.4148
2305   ,全友         ,20230718,      347,    -0.6865,   682.2871
2809   ,京城銀       ,20230719,     1272,    -0.2751,    13.3779
2305   ,全友         ,20230719,      376,     1.1521,   690.1475
2809   ,京城銀       ,20230720,     1001,     0.4138,    13.4333
2305   ,全友         ,20230720,      644,     2.2779,   705.8685
2809   ,京城銀       ,20230721,     1033,    -0.2747,    13.3964
2305   ,全友         ,20230721,      265,    -2.4499,   688.5754
2809   ,京城銀       ,20230724,     1931,    -0.9642,    13.2672
2305   ,全友         ,20230724,      507,    -3.8813,   661.8499
2809   ,京城銀       ,20230725,     2462,    -0.4172,    13.2118
2305   ,全友         ,20230725,      336,     3.0879,   682.2871
2809   ,京城銀       ,20230726,     1367,     0.5587,    13.2856
2305   ,全友         ,20230726,      259,    -2.7650,   663.4220
2809   ,京城銀       ,20230727,     1321,     0.1389,    13.3041
2305   ,全友         ,20230727,      205,     1.8957,   675.9988
2809   ,京城銀       ,20230728,     1449,     0.1387,    13.3226
2305   ,全友         ,20230728,      125,    -0.2326,   674.4267
2809   ,京城銀       ,20230731,     2225,    -0.2770,    13.2856
2305   ,全友         ,20230731,      357,    -0.2331,   672.8546
2809   ,京城銀       ,20230801,      672,     0.4167,    13.3410
2305   ,全友         ,20230801,      137,    -0.4673,   669.7104
2809   ,京城銀       ,20230802,     1227,    -0.5533,    13.2672
2305   ,全友         ,20230802,      369,    -1.4085,   660.2778
2809   ,京城銀       ,20230804,     4153,     2.0862,    13.5440
2305   ,全友         ,20230804,      462,    -0.2381,   658.7057
2809   ,京城銀       ,20230807,     1021,    -0.4087,    13.4886
2305   ,全友         ,20230807,      229,    -0.4773,   655.5615
2809   ,京城銀       ,20230808,     1000,     0.4104,    13.5440
2305   ,全友         ,20230808,      501,    -3.3573,   633.5524
2809   ,京城銀       ,20230809,      850,    -0.5450,    13.4702
2305   ,全友         ,20230809,      301,    -0.4963,   630.4082
2809   ,京城銀       ,20230810,      669,     0.1370,    13.4886
2305   ,全友         ,20230810,     3080,     9.9751,   693.2917
2809   ,京城銀       ,20230811,      696,     0.0000,    13.4886
2305   ,全友         ,20230811,     5464,    -2.4943,   675.9988
2809   ,京城銀       ,20230814,     1922,    -0.8208,    13.3779
2305   ,全友         ,20230814,     1359,    -5.8140,   636.6965
2809   ,京城銀       ,20230815,      837,     0.5517,    13.4517
2305   ,全友         ,20230815,      459,     0.7407,   641.4128
2809   ,京城銀       ,20230816,      755,    -0.5487,    13.3779
2305   ,全友         ,20230816,      296,    -1.4706,   631.9803
2809   ,京城銀       ,20230817,     1385,     0.1379,    13.3964
2305   ,全友         ,20230817,      324,     1.9900,   644.5569
2809   ,京城銀       ,20230818,      792,     0.1377,    13.4148
2305   ,全友         ,20230818,      165,    -1.2195,   636.6965
2809   ,京城銀       ,20230821,      605,     0.1376,    13.4333
2305   ,全友         ,20230821,      187,    -0.4938,   633.5524
2809   ,京城銀       ,20230822,     1179,     0.5495,    13.5071
2305   ,全友         ,20230822,      314,    -1.2407,   625.6918
2809   ,京城銀       ,20230823,      609,     0.0000,    13.5071
2305   ,全友         ,20230823,      158,     0.5025,   628.8361
2809   ,京城銀       ,20230824,      720,    -0.1366,    13.4886
2305   ,全友         ,20230824,      268,    -0.7500,   624.1197
2809   ,京城銀       ,20230825,     1173,     0.4104,    13.5440
2305   ,全友         ,20230825,      148,     0.0000,   624.1197
2809   ,京城銀       ,20230828,     1154,     0.5450,    13.6178
2305   ,全友         ,20230828,      129,     0.0000,   624.1197
2809   ,京城銀       ,20230829,      607,     0.4065,    13.6731
2305   ,全友         ,20230829,      107,    -0.2519,   622.5476
2809   ,京城銀       ,20230830,      688,     0.2699,    13.7101
2305   ,全友         ,20230830,      273,     2.0202,   635.1244
2809   ,京城銀       ,20230831,      971,    -0.6729,    13.6178
2305   ,全友         ,20230831,       53,    -0.9901,   628.8361
2809   ,京城銀       ,20230901,      413,     0.0000,    13.6178
2305   ,全友         ,20230901,       90,     0.2500,   630.4082
2809   ,京城銀       ,20230904,     1091,     1.3550,    13.8023
2305   ,全友         ,20230904,      145,    -0.2494,   628.8361
2809   ,京城銀       ,20230905,     1073,    -1.3369,    13.6178
2305   ,全友         ,20230905,      398,     3.0000,   647.7011
2809   ,京城銀       ,20230906,      808,    -0.5420,    13.5440
2305   ,全友         ,20230906,      308,    -1.6990,   636.6965
2809   ,京城銀       ,20230907,      936,    -0.2725,    13.5071
2305   ,全友         ,20230907,       86,    -0.9877,   630.4082
2809   ,京城銀       ,20230908,      624,     0.0000,    13.5071
2305   ,全友         ,20230908,       72,     0.0000,   630.4082
2809   ,京城銀       ,20230911,      714,    -0.1366,    13.4886
2305   ,全友         ,20230911,      141,     0.2494,   631.9803
2809   ,京城銀       ,20230912,      512,     0.4104,    13.5440
2305   ,全友         ,20230912,      243,     1.9900,   644.5569
2809   ,京城銀       ,20230913,      418,     0.1362,    13.5624
2305   ,全友         ,20230913,      272,     0.0000,   644.5569
2809   ,京城銀       ,20230914,      987,     0.9524,    13.6916
2305   ,全友         ,20230914,      590,     2.9268,   663.4220
2809   ,京城銀       ,20230915,     1369,     0.2695,    13.7285
2305   ,全友         ,20230915,      830,     3.7915,   688.5754
2809   ,京城銀       ,20230918,      943,     0.4032,    13.7839
2305   ,全友         ,20230918,     1713,     5.0228,   723.1614
2809   ,京城銀       ,20230919,      815,    -0.5355,    13.7101
2305   ,全友         ,20230919,      925,    -1.7391,   710.5848
2809   ,京城銀       ,20230920,      795,     0.4038,    13.7654
2305   ,全友         ,20230920,      824,    -2.6549,   691.7196
2809   ,京城銀       ,20230921,     1383,    -0.1340,    13.7470
2305   ,全友         ,20230921,      488,    -2.5000,   674.4267
2809   ,京城銀       ,20230922,     1392,    -0.9396,    13.6178
2305   ,全友         ,20230922,     1181,     6.9930,   721.5894
2809   ,京城銀       ,20230925,     1175,     1.0840,    13.7654
2305   ,全友         ,20230925,     1350,     0.8715,   727.8777
2809   ,京城銀       ,20230926,      850,     0.2681,    13.8023
2305   ,全友         ,20230926,      481,    -0.6479,   723.1614
2809   ,京城銀       ,20230927,      743,    -0.2674,    13.7654
2305   ,全友         ,20230927,      317,    -0.8696,   716.8731
2809   ,京城銀       ,20230928,      379,    -0.5362,    13.6916
2305   ,全友         ,20230928,      559,    -0.2193,   715.3010
2809   ,京城銀       ,20231002,      627,     0.2695,    11.1447
2305   ,全友         ,20231002,     1158,    -1.7582,          -
2809   ,京城銀       ,20231003,      759,    -0.2688,    11.1148
2305   ,全友         ,20231003,      469,    -1.5660,          -
2809   ,京城銀       ,20231004,     1887,     0.5391,    11.1747
2305   ,全友         ,20231004,      486,    -2.7273,          -
2809   ,京城銀       ,20231005,     1035,    -0.1340,    11.1597
2305   ,全友         ,20231005,      507,     0.4673,          -
2809   ,京城銀       ,20231006,      552,     0.2685,    11.1897
2305   ,全友         ,20231006,      200,    -1.3953,          -
2809   ,京城銀       ,20231011,     1767,     1.2048,    11.3245
2305   ,全友         ,20231011,      206,    -0.4717,          -
2809   ,京城銀       ,20231012,     1082,    -0.3968,    11.2796
2305   ,全友         ,20231012,     2332,     9.9526,          -
2809   ,京城銀       ,20231013,     2762,     0.9296,    11.3844
2305   ,全友         ,20231013,     1615,    -4.3103,          -
2809   ,京城銀       ,20231016,     1375,     0.0000,    11.3844
2305   ,全友         ,20231016,     1500,     1.3514,          -
2809   ,京城銀       ,20231017,     2213,     0.3947,    11.4294
2305   ,全友         ,20231017,     1180,     1.5556,          -
2809   ,京城銀       ,20231018,     5294,     1.4417,    11.5941
2305   ,全友         ,20231018,      812,    -2.4070,          -
2809   ,京城銀       ,20231019,     2312,    -1.0336,    11.4743
2305   ,全友         ,20231019,     1118,     3.5874,          -
2809   ,京城銀       ,20231020,     1606,    -0.9138,    11.3694
2305   ,全友         ,20231020,     6587,     9.9567,          -
2809   ,京城銀       ,20231023,      793,    -0.6588,    11.2945
2305   ,全友         ,20231023,    14264,    -4.7244,          -
2809   ,京城銀       ,20231024,      761,     0.1326,    11.3095
2305   ,全友         ,20231024,    11646,     9.9174,          -
2809   ,京城銀       ,20231025,     1155,    -0.3974,    11.2646
2305   ,全友         ,20231025,     9272,    -3.1955,          -
2809   ,京城銀       ,20231026,      897,    -0.2660,    11.2346
2305   ,全友         ,20231026,     5399,    -3.3010,          -
2809   ,京城銀       ,20231027,      703,     0.2667,    11.2646
2305   ,全友         ,20231027,     9395,     1.4056,          -
2809   ,京城銀       ,20231030,      468,    -0.1330,    11.2496
2305   ,全友         ,20231030,     2887,    -1.3861,          -
2809   ,京城銀       ,20231031,     1892,    -1.0652,    11.1298
2305   ,全友         ,20231031,     3915,    -1.8072,          -
2809   ,京城銀       ,20231101,     1133,     0.0000,    11.1298
2305   ,全友         ,20231101,     3290,    -1.0225,          -
2809   ,京城銀       ,20231102,      932,     0.4038,    11.1747
2305   ,全友         ,20231102,     3040,     0.2066,          -
2809   ,京城銀       ,20231103,     1182,     1.2064,    11.3095
2305   ,全友         ,20231103,     2217,    -0.6186,          -
2809   ,京城銀       ,20231106,     1589,     0.6623,    11.3844
2305   ,全友         ,20231106,     1906,     2.0747,          -
2809   ,京城銀       ,20231107,     1502,     0.7895,    11.4743
2305   ,全友         ,20231107,     2803,     0.4065,          -
2809   ,京城銀       ,20231108,     2454,     1.3055,    11.6241
2305   ,全友         ,20231108,     2360,     0.6073,          -
2809   ,京城銀       ,20231109,     1549,    -1.6753,    11.4294
2305   ,全友         ,20231109,     2484,     1.6097,          -
2809   ,京城銀       ,20231110,     1986,     0.6553,    11.5043
2305   ,全友         ,20231110,     3999,    -2.3762,          -
2809   ,京城銀       ,20231113,      734,    -0.5208,    11.4443
2305   ,全友         ,20231113,     1777,    -1.2170,          -
2809   ,京城銀       ,20231114,      849,     0.5236,    11.5043
2305   ,全友         ,20231114,     1985,    -3.2854,          -
2809   ,京城銀       ,20231115,     1774,     0.3906,    11.5492
2305   ,全友         ,20231115,     1790,     0.8493,          -
2809   ,京城銀       ,20231116,      661,     0.1297,    11.5642
2305   ,全友         ,20231116,     1496,     0.0000,          -
2809   ,京城銀       ,20231117,      932,    -0.2591,    11.5342
2305   ,全友         ,20231117,     1345,    -0.4211,          -
2809   ,京城銀       ,20231120,      853,    -0.1299,    11.5192
2305   ,全友         ,20231120,      822,     1.2685,          -
2809   ,京城銀       ,20231121,     3228,     1.9506,    11.7439
2305   ,全友         ,20231121,     1036,    -0.8351,          -
2809   ,京城銀       ,20231122,     2373,     1.1480,    11.8787
2305   ,全友         ,20231122,     1058,     0.6316,          -
2809   ,京城銀       ,20231123,      853,    -0.6305,    11.8038
2305   ,全友         ,20231123,      700,    -0.8368,          -
2809   ,京城銀       ,20231124,      721,    -0.1269,    11.7889
2305   ,全友         ,20231124,      792,    -0.8439,          -
2809   ,京城銀       ,20231127,     1156,     0.3812,    11.8338
2305   ,全友         ,20231127,      671,    -1.4894,          -
2809   ,京城銀       ,20231128,      890,    -0.1266,    11.8188
2305   ,全友         ,20231128,      623,     0.2160,          -
2809   ,京城銀       ,20231129,      852,    -0.1267,    11.8038
2305   ,全友         ,20231129,      530,    -0.8621,          -
2809   ,京城銀       ,20231130,     1815,     0.0000,    11.8038
2305   ,全友         ,20231130,      564,     0.6522,          -
2809   ,京城銀       ,20231201,     1804,     1.1421,     7.8933
2305   ,全友         ,20231201,      462,     0.6479,          -
2809   ,京城銀       ,20231204,      724,    -0.3764,     7.8636
2305   ,全友         ,20231204,      390,    -1.0730,          -
2809   ,京城銀       ,20231205,     2896,     1.5113,     7.9825
2305   ,全友         ,20231205,      793,    -3.0369,          -
2809   ,京城銀       ,20231206,     1032,     0.1241,     7.9924
2305   ,全友         ,20231206,      358,     0.6711,          -
2809   ,京城銀       ,20231207,      945,    -0.2478,     7.9726
2305   ,全友         ,20231207,      296,    -1.1111,          -
2809   ,京城銀       ,20231208,      800,    -0.2484,     7.9528
2305   ,全友         ,20231208,      265,     0.4494,          -
2809   ,京城銀       ,20231211,      739,    -0.1245,     7.9428
2305   ,全友         ,20231211,      584,     2.4609,          -
2809   ,京城銀       ,20231212,     1145,    -0.1247,     7.9329
2305   ,全友         ,20231212,      300,    -1.0917,          -
2809   ,京城銀       ,20231213,     1353,    -0.8739,     7.8636
2305   ,全友         ,20231213,      213,    -0.2208,          -
2809   ,京城銀       ,20231214,     2175,     0.6297,     7.9131
2305   ,全友         ,20231214,      681,     0.2212,          -
2809   ,京城銀       ,20231215,     2505,     0.0000,     7.9131
2305   ,全友         ,20231215,      809,     2.4283,          -
2809   ,京城銀       ,20231218,     3541,    -0.3755,     7.8834
2305   ,全友         ,20231218,      715,    -1.0776,          -
2809   ,京城銀       ,20231219,     4564,    -2.0101,     7.7250
2305   ,全友         ,20231219,      407,    -1.7429,          -
2809   ,京城銀       ,20231220,     3959,     0.0000,     7.7250
2305   ,全友         ,20231220,      233,     0.0000,          -
2809   ,京城銀       ,20231221,     4939,    -1.0256,     7.6457
2305   ,全友         ,20231221,      235,    -0.4435,          -
2809   ,京城銀       ,20231222,     3801,     1.6839,     7.7745
2305   ,全友         ,20231222,      253,    -0.8909,          -
2809   ,京城銀       ,20231225,      609,     0.2548,     7.7943
2305   ,全友         ,20231225,      236,    -0.6742,          -
2809   ,京城銀       ,20231226,      540,     0.0000,     7.7943
2305   ,全友         ,20231226,      144,     0.4525,          -
2809   ,京城銀       ,20231227,     1217,     0.3812,     7.8240
2305   ,全友         ,20231227,      583,     1.3514,          -
2809   ,京城銀       ,20231228,     1566,     0.8861,     7.8933
2305   ,全友         ,20231228,      502,     1.3333,          -
2809   ,京城銀       ,20231229,     1813,     0.2509,     7.9131
2305   ,全友         ,20231229,      215,    -0.4386,          -
2809   ,京城銀       ,20240102,     1402,     0.1252,     7.9230
2305   ,全友         ,20240102,      212,     0.0000,          -
2809   ,京城銀       ,20240103,     1141,    -0.7500,     7.8636
2305   ,全友         ,20240103,      179,    -1.1013,          -
2809   ,京城銀       ,20240104,     3291,     1.7632,     8.0023
2305   ,全友         ,20240104,      366,    -0.6682,          -
2809   ,京城銀       ,20240105,     1987,     0.4950,     8.0419
2305   ,全友         ,20240105,      241,    -0.4484,          -
2809   ,京城銀       ,20240108,     1651,     0.3695,     8.0716
2305   ,全友         ,20240108,      243,    -1.1261,          -
2809   ,京城銀       ,20240109,     1137,    -0.7362,     8.0122
2305   ,全友         ,20240109,      524,    -1.8223,          -
